convergence analysis file of T3 element when h = 1
12   1   1   1
1	0	0	1	10.0			1.0			0.0
2	0	0	1	8.0			1.0			0.0
3	0	0	1	6.0			1.0			0.0
4	0	0	1	4.0			1.0			0.0
5	0	0	1	2.0			1.0			0.0
6	1	1	1	0.0			1.0			0.0
7	0	0	1	10.0			-1.0			0.0
8	0	0	1	8.0			-1.0			0.0
9	0	0	1	6.0			-1.0			0.0
10	0	0	1	4.0			-1.0			0.0
11	0	0	1	2.0			-1.0			0.0
12	1	1	1	0.0			-1.0			0.0
1   2
1   1   1
7   1   -1
3   10   1
1   1e4 0   1   1
 1   1   2   8  1
 2   8   7   1  1
 3   2   3   9  1
 4   9   8   2  1
 5   3   4  10  1
 6  10   9   3  1
 7   4   5  11  1
 8  11  10   4  1
 9   5   6  12  1
10  12  11   5  1